46677.032440 0.000000 0.000000 0.000000 40.061481 -83.039125 0.030000 -0.039886 -0.038125 2.216815 -0.000490 -0.000565 -0.000442 -0.395990 0.401783 -9.783556 -0.000880 0.002274 -0.000351 -0.163653 -0.181012 0.388083
0.239835 -0.000000 0.000000 0.000000 40.061481 -83.039125 0.030000 -0.039844 -0.038125 2.216809 -0.000392 0.001239 -0.000697 -0.357346 0.367267 -9.771299 0.000167 0.000885 -0.001006 -0.161111 -0.182211 0.387010
0.036090 -0.000000 0.000000 0.000000 40.061481 -83.039125 0.030000 -0.039844 -0.038125 2.216809 -0.000392 0.001239 -0.000697 -0.357346 0.367267 -9.771299 0.000167 0.000885 -0.001006 -0.161111 -0.182211 0.387010
0.090672 -0.000000 0.000000 0.000000 40.061481 -83.039125 0.027000 -0.039851 -0.038091 2.216783 0.001618 -0.003255 -0.001876 -0.389720 0.418782 -9.775708 0.000589 -0.001241 -0.001093 -0.157298 -0.184610 0.383789
0.100036 -0.000000 0.000000 0.000000 40.061481 -83.039125 0.027000 -0.039900 -0.038057 2.216803 -0.000796 -0.003086 0.001010 -0.409469 0.422084 -9.766233 0.000182 -0.001124 -0.000243 -0.159840 -0.185809 0.388083
0.099965 -0.000000 0.000000 0.000000 40.061481 -83.039125 0.024000 -0.039922 -0.038123 2.216813 -0.001334 0.001054 0.001122 -0.372562 0.399782 -9.787128 -0.001294 -0.000071 0.000001 -0.157298 -0.179813 0.389157
0.100076 -0.000000 0.000000 0.000000 40.061481 -83.039125 0.024000 -0.039878 -0.038144 2.216841 0.000245 0.000077 -0.000248 -0.376491 0.345861 -9.795464 -0.000345 0.001096 -0.000455 -0.161111 -0.184610 0.384863
0.099888 -0.000000 0.000000 0.000000 40.061481 -83.039126 0.021000 -0.039898 -0.038180 2.216822 0.000663 -0.000998 -0.000970 -0.396557 0.407080 -9.812179 -0.002570 -0.001562 0.000260 -0.162382 -0.182211 0.388083
0.100055 -0.000000 0.000000 0.000000 40.061481 -83.039126 0.021000 -0.039917 -0.038229 2.216857 0.000130 -0.001093 -0.000862 -0.403631 0.386385 -9.809253 0.001023 0.000016 -0.000691 -0.158569 -0.182211 0.385936
0.099948 -0.000000 0.001000 0.000000 40.061481 -83.039125 0.013000 -0.039950 -0.038289 2.216851 -0.001671 -0.000765 -0.000545 -0.383870 0.396276 -9.811022 -0.001499 0.000986 0.000416 -0.158569 -0.183410 0.383789
0.100083 -0.000000 0.000000 0.000000 40.061481 -83.039125 0.013000 -0.039980 -0.038346 2.216891 0.002147 -0.000992 -0.000671 -0.369889 0.359378 -9.805047 0.002874 -0.000726 0.000226 -0.161111 -0.184610 0.390230
0.099933 -0.000000 0.000000 0.000000 40.061481 -83.039125 -0.003000 -0.039992 -0.038414 2.216974 0.000329 -0.001756 -0.001488 -0.363069 0.355305 -9.766219 -0.000835 0.000459 0.001152 -0.158569 -0.187008 0.384863
0.100042 -0.000000 0.000000 0.000000 40.061481 -83.039125 -0.003000 -0.040013 -0.038426 2.216973 0.001613 0.001234 -0.001252 -0.376612 0.422197 -9.764302 0.000300 0.001306 -0.000267 -0.163653 -0.182211 0.389157
0.099963 -0.000000 0.000000 0.000000 40.061481 -83.039126 -0.025000 -0.039987 -0.038337 2.216985 -0.001438 0.000745 0.001232 -0.390379 0.404736 -9.793750 0.000333 -0.000062 0.001235 -0.157298 -0.182211 0.387010
0.100038 -0.000000 0.000000 0.000000 40.061481 -83.039126 -0.025000 -0.039936 -0.038278 2.216962 -0.000084 0.001344 -0.001768 -0.401016 0.386729 -9.775043 -0.001264 -0.000482 0.001165 -0.157298 -0.178613 0.389157
0.100075 -0.000000 0.000000 0.000000 40.061480 -83.039126 -0.054000 -0.039967 -0.038207 2.216958 0.001197 -0.000564 -0.000665 -0.373398 0.360451 -9.795985 0.001326 -0.001153 -0.001738 -0.153485 -0.183410 0.388083
0.100003 -0.305000 0.489000 -1.721000 40.061480 -83.039126 -0.070000 -0.039898 -0.038173 2.216937 0.001514 0.000934 -0.000492 -0.374376 0.406175 -9.760689 0.000160 -0.000093 -0.001631 -0.159840 -0.181012 0.388083
0.099986 -0.308000 0.492000 -1.724000 40.061480 -83.039126 -0.087000 -0.039909 -0.038157 2.216908 -0.000390 -0.000103 0.000400 -0.353651 0.374415 -9.772177 0.000263 0.001500 -0.001969 -0.154756 -0.182211 0.387010
0.099852 -0.332000 0.520000 -1.834000 40.061480 -83.039126 -0.102000 -0.039896 -0.038158 2.216923 -0.000935 -0.001528 -0.000947 -0.390576 0.400608 -9.851546 0.001380 0.000995 0.000563 -0.158569 -0.183410 0.384863
0.100013 -0.334000 0.521000 -1.836000 40.061480 -83.039126 -0.114000 -0.039871 -0.038203 2.216918 0.001630 -0.000538 0.000607 -0.378397 0.374708 -9.745759 -0.000347 -0.001035 -0.000225 -0.157298 -0.182211 0.384863
0.099895 -0.335000 0.522000 -1.836000 40.061480 -83.039126 -0.126000 -0.039957 -0.038198 2.216847 0.000225 -0.004120 -0.002588 -0.371076 0.386868 -9.796490 -0.000496 -0.000087 -0.001523 -0.158569 -0.179813 0.383789
0.100076 -0.335000 0.522000 -1.836000 40.061480 -83.039126 -0.138000 -0.039983 -0.038223 2.216791 0.000131 0.001346 -0.000613 -0.395491 0.402085 -9.812575 -0.000579 -0.001684 -0.001160 -0.158569 -0.183410 0.385936
0.100062 -0.335000 0.522000 -1.837000 40.061480 -83.039126 -0.151000 -0.040040 -0.038201 2.216743 -0.000068 -0.000669 -0.000532 -0.358315 0.380387 -9.776645 0.001659 -0.000403 -0.000811 -0.158569 -0.183410 0.388083
0.099973 -0.335000 0.522000 -1.837000 40.061480 -83.039126 -0.163000 -0.040118 -0.038218 2.216765 0.000779 0.000189 0.000278 -0.404515 0.410612 -9.843595 -0.001732 0.001206 -0.000419 -0.159840 -0.183410 0.383789
0.099935 -0.335000 0.522000 -1.837000 40.061480 -83.039126 -0.172000 -0.040159 -0.038243 2.216712 0.000894 0.001275 0.001763 -0.375179 0.364522 -9.767088 -0.000576 0.000452 -0.000340 -0.159840 -0.181012 0.388083
0.099990 -0.335000 0.522000 -1.837000 40.061480 -83.039126 -0.179000 -0.040218 -0.038210 2.216727 0.000340 -0.000801 -0.000449 -0.395181 0.396725 -9.805164 0.002284 0.002149 -0.000956 -0.163653 -0.182211 0.384863
0.099950 -0.335000 0.522000 -1.837000 40.061480 -83.039126 -0.187000 -0.040273 -0.038156 2.216768 -0.000720 -0.000461 -0.000120 -0.373630 0.371086 -9.764989 0.000367 0.000130 -0.000464 -0.162382 -0.181012 0.390230
0.100088 -0.335000 0.522000 -1.836000 40.061480 -83.039126 -0.194000 -0.040284 -0.038156 2.216772 0.000234 -0.000786 -0.000434 -0.370398 0.387051 -9.810109 -0.000434 0.001844 0.000921 -0.156027 -0.181012 0.384863
0.099917 -0.335000 0.522000 -1.836000 40.061480 -83.039126 -0.205000 -0.040308 -0.038151 2.216806 0.001610 -0.001224 -0.001079 -0.374303 0.370017 -9.737210 -0.000454 -0.000826 -0.000116 -0.164924 -0.183410 0.387010
0.100145 -0.335000 0.522000 -1.836000 40.061480 -83.039126 -0.217000 -0.040299 -0.038194 2.216807 0.000662 -0.001428 -0.000115 -0.394136 0.397922 -9.838320 0.000405 0.002601 0.000448 -0.158569 -0.185809 0.385936
0.099892 -0.335000 0.522000 -1.836000 40.061480 -83.039126 -0.229000 -0.040295 -0.038223 2.216832 0.001179 -0.001532 -0.000532 -0.356890 0.358161 -9.749653 0.000316 -0.001036 0.000922 -0.157298 -0.184610 0.387010
0.099975 -0.426000 0.518000 -1.615000 40.061480 -83.039126 -0.240000 -0.040245 -0.038286 2.216814 -0.001259 0.002325 0.000242 -0.377873 0.380942 -9.783614 -0.002361 0.000880 0.000224 -0.157298 -0.182211 0.382716
0.100027 -0.306000 1.558000 -3.501000 40.061480 -83.039126 -0.250000 -0.040277 -0.038313 2.216802 0.000014 0.000735 0.000698 -0.386730 0.391179 -9.801161 0.000068 0.002672 -0.000478 -0.157298 -0.182211 0.387010
0.100103 0.065000 1.761000 -2.541000 40.061480 -83.039126 -0.258000 -0.040298 -0.038360 2.216796 -0.001577 0.001155 0.000495 -0.379338 0.358590 -9.727365 0.000049 0.000025 0.000865 -0.154756 -0.185809 0.387010
0.099869 0.065000 1.761000 -2.540000 40.061480 -83.039126 -0.267000 -0.040283 -0.038363 2.216797 -0.000410 -0.000238 0.000090 -0.389642 0.393185 -9.786833 0.000067 0.000117 -0.000456 -0.162382 -0.184610 0.385936
0.100007 9.145000 -1.237000 -15.771000 40.061480 -83.039126 -0.274000 -0.040314 -0.038374 2.216768 0.000221 0.001023 -0.000585 -0.374266 0.387828 -9.787361 -0.000759 -0.000297 0.000634 -0.156027 -0.183410 0.383789
0.099981 9.145000 -1.237000 -15.771000 40.061480 -83.039126 -0.281000 -0.040245 -0.038365 2.216763 0.000114 -0.001637 -0.000523 -0.358440 0.384392 -9.772470 -0.000257 0.001070 -0.000781 -0.159840 -0.181012 0.383789
0.100042 10.469000 -1.057000 -17.481000 40.061480 -83.039126 -0.286000 -0.040247 -0.038400 2.216736 0.002558 -0.001090 0.000092 -0.388141 0.381454 -9.801257 -0.001161 -0.001064 -0.000668 -0.159840 -0.185809 0.385936
0.099855 11.287000 -0.654000 -19.128000 40.061480 -83.039126 -0.290000 -0.040211 -0.038406 2.216728 -0.000946 0.001456 -0.000369 -0.358329 0.410479 -9.810329 0.000613 0.001506 -0.000059 -0.158569 -0.179813 0.385936
0.100063 11.966000 1.336000 -21.979000 40.061480 -83.039126 -0.290000 -0.040237 -0.038397 2.216754 -0.000627 0.000525 -0.000043 -0.382760 0.386887 -9.811973 0.000820 -0.001792 0.000064 -0.158569 -0.178613 0.389157
0.099983 12.083000 0.538000 -22.372000 40.061480 -83.039126 -0.289000 -0.040231 -0.038356 2.216730 0.000437 0.001140 -0.000381 -0.366673 0.387583 -9.796474 -0.001677 -0.001036 0.001826 -0.157298 -0.182211 0.385936
0.100051 13.146000 2.157000 -20.207000 40.061480 -83.039126 -0.287000 -0.040277 -0.038351 2.216698 0.000084 -0.003398 -0.003033 -0.387477 0.398394 -9.797049 0.001333 0.000533 -0.001127 -0.158569 -0.182211 0.385936
0.099944 13.146000 2.157000 -20.207000 40.061479 -83.039126 -0.286000 -0.040260 -0.038384 2.216731 -0.000733 0.000199 0.000399 -0.388299 0.399825 -9.793788 0.000690 -0.000434 -0.001315 -0.163653 -0.183410 0.388083
0.099968 13.146000 2.158000 -20.207000 40.061479 -83.039126 -0.285000 -0.040224 -0.038404 2.216735 -0.001058 0.001895 0.000048 -0.365056 0.381380 -9.806552 -0.000905 0.001591 -0.001190 -0.161111 -0.183410 0.385936
0.100044 15.657000 1.433000 -24.857000 40.061479 -83.039126 -0.283000 -0.040190 -0.038430 2.216807 0.000323 0.000088 0.000193 -0.411301 0.416598 -9.780259 -0.001400 -0.000953 0.000022 -0.157298 -0.184610 0.383789
