0 119195 40.061539 -83.039153 -0.143000 0.006387 -0.018488 -1.489365 0.000387 0.000164 -0.001062 -0.190627 -0.073655 -9.836986 -0.000442 0.000292 -0.000297 0.037174 0.136791 0.475040
0 100006 40.061540 -83.039153 -0.151000 0.006417 -0.018502 -1.489244 0.000828 0.000828 -0.000124 -0.203354 -0.057153 -9.770774 0.000828 0.000828 -0.000124 0.037174 0.134392 0.476114
0 122399 40.061540 -83.039153 -0.165000 0.006414 -0.018518 -1.489170 0.002000 0.003095 -0.004471 -0.213148 -0.051994 -9.775216 0.003095 0.002000 -0.004471 0.040987 0.135591 0.476114
0 136809 40.061540 -83.039153 -0.169000 0.006408 -0.018476 -1.489222 -0.002771 -0.000531 0.000570 -0.201981 -0.045017 -9.836989 -0.000531 -0.002771 0.000570 0.039716 0.137990 0.471819
0 121614 40.061540 -83.039153 -0.172000 0.006401 -0.018519 -1.489298 -0.000364 -0.000880 -0.000600 -0.184218 -0.051409 -9.821283 -0.000880 -0.000364 -0.000600 0.040987 0.131994 0.472893
0 100801 40.061540 -83.039153 -0.175000 0.006371 -0.018574 -1.489304 0.001032 0.001664 -0.000788 -0.199550 -0.072359 -9.790587 0.001150 0.002099 -0.000573 0.042258 0.135591 0.479334
0 117571 40.061540 -83.039153 -0.174000 0.006462 -0.018618 -1.489314 -0.000025 -0.000323 0.000222 -0.187297 -0.077785 -9.795956 -0.000323 -0.000025 0.000222 0.046072 0.131994 0.473966
0 100823 40.061540 -83.039153 -0.174000 0.006465 -0.018613 -1.489284 0.001569 0.002129 0.000462 -0.201835 -0.065034 -9.787781 0.002129 0.001569 0.000462 0.042258 0.131994 0.475040
0 121576 40.061540 -83.039153 -0.173000 0.006532 -0.018647 -1.489282 -0.000543 0.000609 -0.000970 -0.190938 -0.077086 -9.777396 -0.002437 -0.001306 0.000923 0.044801 0.136791 0.473966
0 100800 40.061540 -83.039153 -0.175000 0.006594 -0.018620 -1.489311 -0.000012 -0.001051 0.000881 -0.201928 -0.076410 -9.797114 -0.001777 0.000198 0.001539 0.040987 0.133193 0.477187
0 137600 40.061540 -83.039153 -0.194000 0.006579 -0.018587 -1.489302 0.000802 -0.000398 -0.002759 -0.191962 -0.081078 -9.764980 -0.000398 0.000802 -0.002759 0.038445 0.136791 0.472893
0 120800 40.061540 -83.039153 -0.206000 0.006514 -0.018643 -1.489225 -0.000652 -0.001360 0.001764 -0.190905 -0.068819 -9.806221 -0.001360 -0.000652 0.001764 0.039716 0.135591 0.475040
0 160811 40.061540 -83.039153 -0.228000 0.006520 -0.018696 -1.489115 -0.000447 0.001464 0.000010 -0.197871 -0.070041 -9.786095 0.001464 -0.000447 0.000010 0.040987 0.139189 0.475040
0 159994 40.061541 -83.039154 -0.237000 0.006590 -0.018660 -1.489032 0.001139 0.000423 0.000536 -0.187980 -0.056602 -9.799017 0.000423 0.001139 0.000536 0.037174 0.135591 0.472893
0 120009 40.061541 -83.039154 -0.002000 0.006653 -0.018673 -1.489027 -0.001185 0.000004 0.000774 -0.194133 -0.057305 -9.817025 -0.001521 -0.000353 -0.000472 0.039716 0.134392 0.475040
0 117586 40.061541 -83.039154 -0.011000 0.006655 -0.018617 -1.489095 0.001145 -0.001058 0.000665 -0.191764 -0.074021 -9.786776 -0.001058 0.001145 0.000665 0.039716 0.137990 0.479334
0 100036 40.061541 -83.039154 -0.015000 0.006583 -0.018582 -1.489116 -0.000036 -0.002263 -0.000149 -0.189420 -0.073591 -9.797997 -0.002263 -0.000036 -0.000149 0.040987 0.136791 0.475040
0 120794 40.061541 -83.039153 -0.020000 0.006522 -0.018531 -1.489186 -0.000015 0.001173 0.001569 -0.201719 -0.074726 -9.808455 0.001173 -0.000015 0.001569 0.039716 0.134392 0.473966
0 116770 40.061541 -83.039153 -0.025000 0.006336 -0.018504 -1.489282 0.000612 0.001378 0.000610 -0.195064 -0.067201 -9.791075 -0.000225 0.000402 0.000751 0.038445 0.133193 0.473966
0 104001 40.061541 -83.039153 -0.028000 0.006315 -0.018491 -1.489309 0.000720 -0.001050 0.001403 -0.185399 -0.076262 -9.803099 -0.001050 0.000720 0.001403 0.040987 0.137990 0.473966
0 116799 40.061541 -83.039154 -0.031000 0.006328 -0.018547 -1.489322 0.001223 -0.002078 -0.001036 -0.202005 -0.068065 -9.827440 -0.002078 0.001223 -0.001036 0.042258 0.128396 0.473966
0 104800 40.061541 -83.039154 -0.036000 0.006333 -0.018608 -1.489326 0.000808 -0.000097 0.000740 -0.176473 -0.052266 -9.807516 -0.000457 0.001117 -0.000743 0.044801 0.134392 0.473966
0 120001 40.061541 -83.039154 -0.049000 0.006404 -0.018675 -1.489323 -0.001419 -0.001048 0.001108 -0.191437 -0.070579 -9.788487 -0.002275 0.000473 -0.001225 0.040987 0.133193 0.473966
0 136800 40.061541 -83.039154 -0.054000 0.006366 -0.018787 -1.489272 0.000858 0.002408 0.000535 -0.196121 -0.076962 -9.803045 0.001240 -0.001974 -0.001176 0.040987 0.134392 0.476114
0 121599 40.061541 -83.039154 -0.059000 0.006338 -0.018760 -1.489204 0.000586 0.000204 0.000122 -0.185660 -0.070671 -9.780771 0.000204 0.000586 0.000122 0.040987 0.135591 0.475040
0 100028 40.061541 -83.039154 -0.064000 0.006287 -0.018801 -1.489165 -0.000596 0.000360 -0.001701 -0.202292 -0.065264 -9.804655 0.000360 -0.000596 -0.001701 0.043530 0.133193 0.470746
0 100014 40.061541 -83.039154 -0.067000 0.006237 -0.018780 -1.489093 -0.000255 0.000206 0.001486 -0.199572 -0.075526 -9.808148 0.000206 -0.000255 0.001486 0.035903 0.133193 0.475040
0 120776 40.061541 -83.039154 -0.069000 0.006203 -0.018806 -1.489069 0.000369 0.000907 -0.001077 -0.185625 -0.069511 -9.796339 0.000907 0.000369 -0.001077 0.038445 0.133193 0.475040
0 136783 40.061541 -83.039154 -0.071000 0.006128 -0.018758 -1.489054 0.001027 -0.000341 0.000759 -0.184598 -0.063107 -9.806469 -0.000341 0.001027 0.000759 0.039716 0.134392 0.473966
0 122400 40.061541 -83.039154 -0.071000 0.006085 -0.018712 -1.489085 0.000916 -0.001850 -0.000058 -0.193921 -0.068219 -9.822806 -0.001850 0.000916 -0.000058 0.039716 0.133193 0.475040
0 100000 40.061541 -83.039154 -0.072000 0.006017 -0.018615 -1.489139 0.001446 0.000158 -0.000756 -0.184885 -0.075845 -9.812745 0.000158 0.001446 -0.000756 0.038445 0.137990 0.475040
0 119999 40.061541 -83.039154 -0.074000 0.005968 -0.018560 -1.489206 -0.000371 -0.000034 0.000113 -0.189728 -0.061762 -9.794135 -0.000034 -0.000371 0.000113 0.043530 0.133193 0.473966
0 118400 40.061541 -83.039154 -0.077000 0.005946 -0.018572 -1.489231 0.000806 -0.000995 -0.000201 -0.191569 -0.069924 -9.796230 -0.000995 0.000806 -0.000201 0.042258 0.131994 0.472893
0 100000 40.061541 -83.039154 -0.078000 0.006034 -0.018543 -1.489292 0.000812 0.000954 0.000817 -0.201556 -0.077417 -9.824563 0.000954 0.000812 0.000817 0.044801 0.134392 0.476114
0 101600 40.061541 -83.039154 -0.081000 0.006071 -0.018488 -1.489290 0.000794 0.000469 -0.001727 -0.195624 -0.062814 -9.794611 0.000469 0.000794 -0.001727 0.040987 0.133193 0.475040
0 102406 40.061541 -83.039154 -0.083000 0.006101 -0.018539 -1.489251 0.000279 -0.001173 0.000775 -0.189860 -0.067068 -9.792545 -0.002598 -0.001195 -0.001030 0.043530 0.135591 0.473966
0 136795 40.061541 -83.039154 -0.089000 0.006141 -0.018536 -1.489269 0.000067 0.001062 0.000823 -0.192540 -0.081829 -9.805966 0.001062 0.000067 0.000823 0.043530 0.133193 0.472893
0 118427 40.061541 -83.039154 -0.094000 0.006182 -0.018521 -1.489231 0.000391 -0.000120 0.000314 -0.181787 -0.064553 -9.786049 -0.000120 0.000391 0.000314 0.044801 0.133193 0.471819
0 120794 40.061542 -83.039154 -0.100000 0.006208 -0.018502 -1.489178 -0.000884 -0.000023 0.000972 -0.189296 -0.064879 -9.789222 -0.000539 0.000506 0.000434 0.040987 0.134392 0.470746
0 161578 40.061542 -83.039154 -0.112000 0.006214 -0.018414 -1.489060 -0.001534 0.001468 0.000098 -0.205298 -0.061633 -9.809254 0.001468 -0.001534 0.000098 0.039716 0.136791 0.473966
0 100800 40.061542 -83.039154 -0.119000 0.006166 -0.018372 -1.488933 -0.000465 -0.000121 0.000561 -0.180555 -0.058503 -9.794805 -0.000121 -0.000465 0.000561 0.043530 0.134392 0.476114
0 136800 40.061542 -83.039154 -0.128000 0.006158 -0.018315 -1.488798 0.001557 0.001151 0.000289 -0.197718 -0.064302 -9.792815 0.001787 -0.000036 0.000082 0.038445 0.134392 0.475040
0 120007 40.061542 -83.039154 -0.135000 0.006156 -0.018226 -1.488736 -0.001090 -0.000641 0.001113 -0.196211 -0.055484 -9.804327 -0.000641 -0.001090 0.001113 0.039716 0.137990 0.476114
0 122412 40.061542 -83.039154 -0.140000 0.006183 -0.018107 -1.488749 0.000841 -0.000093 0.002250 -0.197877 -0.072768 -9.802854 0.000091 0.000403 0.000747 0.040987 0.135591 0.476114
0 160790 40.061542 -83.039153 -0.150000 0.006197 -0.017947 -1.488761 -0.000242 -0.001083 0.000362 -0.198854 -0.064193 -9.793194 -0.001083 -0.000242 0.000362 0.043530 0.131994 0.471819
0 136798 40.061542 -83.039153 -0.148000 0.006211 -0.017877 -1.488811 0.001783 0.000292 -0.000013 -0.189521 -0.058049 -9.810830 -0.000693 0.002722 -0.001285 0.043530 0.134392 0.473966
0 119993 40.061542 -83.039153 -0.145000 0.006289 -0.017852 -1.488805 0.000483 0.001041 -0.000542 -0.206247 -0.063273 -9.804543 0.001041 0.000483 -0.000542 0.043530 0.135591 0.472893
0 104000 40.061542 -83.039153 -0.141000 0.006347 -0.017924 -1.488743 0.001012 0.002376 -0.001643 -0.208454 -0.078615 -9.797219 -0.000999 0.001225 -0.000176 0.040987 0.134392 0.473966
0 116001 40.061542 -83.039153 -0.137000 0.006374 -0.018011 -1.488605 0.001541 -0.000342 0.000135 -0.191867 -0.076590 -9.796766 -0.000342 0.001541 0.000135 0.043530 0.134392 0.473966
